demo.text <-
structure(list(Lon = c("22:30W", "17:30W", "27:30W", "22:30W", 
"17:30W", "17:30W"), Lat = c("57:00N", "57:00N", "59:00N", "59:00N", 
"59:00N", "59:00N"), Font = c("12,21", "24,29", "24,34", "16,34", 
"16,34", "16,34"), Angle = c(33L, 0L, 90L, 0L, 0L, 0L), Justify = c("CM", 
"CM", "CM", "CM", "CT", "CB"), Text = c("Label", "@~p@~r@+2@+", 
"\\342", "\\302\\314\\112", "\\335\\336", "\\341\\053")), .Names = c("Lon", 
"Lat", "Font", "Angle", "Justify", "Text"), class = "data.frame", row.names = c(NA, 
-6L))
